buffer: 10
extents:
- layer: 0
  observer_size_x: 1
  observer_size_y: 1
  pixel_size: 1000.0
  xmax: 809209.8929660058
  xmin: 762209.8929660058
  ymax: 2315751.3778681746
  ymin: 2268751.3778681746
- layer: 1
  observer_size_x: 1
  observer_size_y: 1
  pixel_size: 3000.0
  xmax: 856209.8929660058
  xmin: 715209.8929660058
  ymax: 2362751.3778681746
  ymin: 2221751.3778681746
- layer: 2
  observer_size_x: 1
  observer_size_y: 1
  pixel_size: 9000.0
  xmax: 997209.8929660058
  xmin: 574209.8929660058
  ymax: 2503751.3778681746
  ymin: 2080751.3778681746
nb_core: 4
nb_layers: 3
nb_pixels: 13
observers:
- latitude: 20.708
  longitude: -156.257
scale_min: 1000
srs: epsg:32604
