extents:
- buffer: 10
  layer: 0
  observer_size_x: 1
  observer_size_y: 1
  pixel_size: 1000.0
  xmax: 809209.8929660058
  xmin: 762209.8929660058
  ymax: 2315751.3778681746
  ymin: 2268751.3778681746
- buffer: 3
  layer: 1
  observer_size_x: 1
  observer_size_y: 1
  pixel_size: 3000.0
  xmax: 835209.8929660058
  xmin: 736209.8929660058
  ymax: 2341751.3778681746
  ymin: 2242751.3778681746
- buffer: 1
  layer: 2
  observer_size_x: 1
  observer_size_y: 1
  pixel_size: 9000.0
  xmax: 916209.8929660058
  xmin: 655209.8929660058
  ymax: 2422751.3778681746
  ymin: 2161751.3778681746
nb_core: 4
nb_layers: 3
nb_pixels: 13
observers:
- latitude: 20.708
  longitude: -156.257
  x: 785709.8929660058
  y: 2292251.3778681746
scale_min: 1000
srs: epsg:32604
