CC0: 0.6910396621493978
CC50: 0.8413999080929588
CC70: 0.8938307480350425
CC80: 0.9321352609659691
CC90: 0.9755700272418386
CC95: 0.9860373281622951
CC98: 0.9468459331014242
CC99: 0.8950472554635924
CA0: 1.025699177478774
CA50: 1.113196968614242
CA70: 1.1343408316030628
CA80: 1.1451516807306115
CA90: 1.1392118638024025
CA95: 1.1033326248274262
CA98: 1.0187191263137685
CA99: 0.9459976184934495
CP0: 1.2260635091581966
CP50: 1.2598250928577581
CP70: 1.2593581661095814
CP80: 1.2528016567037707
CP90: 1.2187351730510012
CP95: 1.1589258462856136
CP98: 1.0525421286284464
CP99: 0.970191488362294
U0: 1.292756951176918
U50: 1.3054898735431077
U70: 1.298842621322716
U80: 1.2878313876790388
U90: 1.2477398971093085
U95: 1.1829490931346733
U98: 1.071341852201753
U99: 0.9860782623266134
D0: 0.08976022488945919
D50: 0.1338994070145708
D70: 0.15813978279300184
D80: 0.1821718367707437
D90: 0.23233944710585935
D95: 0.29371112298637114
D98: 0.37419989580131546
D99: 0.4182433735019165
MC0: 0.14396642559880612
MC50: 0.0862189537490775
MC70: 0.07966057645700514
MC80: 0.0736668064768504
MC90: 0.06934162722752513
MC95: 0.07230210012620039
MC98: 0.09025919883513041
MC99: 0.08771687100130748
MP0: 0.4132257464387401
MP50: 0.3292288944532002
MP70: 0.3220578932724033
MP80: 0.3166064678511078
MP90: 0.30875923587721177
MP95: 0.30145795738037817
MP98: 0.29045191363032136
MP99: 0.2615487998992793
MT0: 0.07395249814737603
MT50: 0.04035233532147765
MT70: 0.03538677117009398
MT80: 0.03029548923607962
MT90: 0.026790417929728243
MT95: 0.030724682587868944
MT98: 0.05255751338918217
MT99: 0.05558841277351109
ART0: 0.6114055387091665
ART50: 0.6199708026503159
ART70: 0.6326536797712974
ART80: 0.6424780232509937
ART90: 0.6520126690160519
ART95: 0.6486228749376151
ART98: 0.6167703389256343
ART99: 0.5670485513312743
ANT0: 0.6793133570104997
ANT50: 0.620731575750246
ANT70: 0.570108363784585
ANT80: 0.5198712481736806
ANT90: 0.42923733140243886
ANT95: 0.30988485719626824
ANT98: 0.15739615370032256
ANT99: 0.04919252854612278
