CC0: 0.0409469706000265
CC50: 0.05381581016281154
CC70: 0.0618352550530276
CC80: 0.07046662545695491
CC90: 0.09172298540692518
CC95: 0.12535588394248423
CC98: 0.1935878791931464
CC99: 0.25947339315063
CA0: 0.08896516204994624
CA50: 0.12361203779590595
CA70: 0.14520285096187227
CA80: 0.16844115589552278
CA90: 0.2256698172992889
CA95: 0.3162199287411786
CA98: 0.49992145441603825
CA99: 0.6773055304554172
CP0: 0.19035686647131378
CP50: 0.2680648592158234
CP70: 0.31648996874520496
CP80: 0.3686101669535354
CP90: 0.4969658789591252
CP95: 0.7000568431930777
CP98: 1.112073122206692
CP99: 1.5099202641807274
U0: 0.40950202747151
U50: 0.5480895304553488
U70: 0.6344527831192139
U80: 0.727406002853816
U90: 0.9563206484688803
U95: 1.3185210942364396
U98: 2.0533271969358786
U99: 2.7628635010933946
D0: 0.26648905485104407
D50: 0.2771200371301444
D70: 0.2837449216894837
D80: 0.29087531952845125
D90: 0.30843525450501313
D95: 0.33621948062593676
D98: 0.39258611173035507
D99: 0.44701430845424384
MC0: 0.041621697267957905
MC50: 0.07080786335163977
MC70: 0.08372036848601448
MC80: 0.09658111479044376
MC90: 0.12762914957409677
MC95: 0.1765935560879172
MC98: 0.28621578346576815
MC99: 0.4170659792658129
MP0: 0.0533989754490468
MP50: 0.08814761612213921
MP70: 0.10452647563954666
MP80: 0.12111807726386661
MP90: 0.16135403932784734
MP95: 0.22485605372461062
MP98: 0.36397112992654396
MP99: 0.5232999228379075
MT0: 0.02921604734990857
MT50: 0.04339957416667208
MT70: 0.04960503937940938
MT80: 0.05576617323211824
MT90: 0.07062690631971554
MT95: 0.09405862841222992
MT98: 0.14672605668870842
MT99: 0.2100524490348499
ART0: 0.04031075405510925
ART50: 0.053017372225757746
ART70: 0.059798445908331554
ART80: 0.06687294571130523
ART90: 0.08415895169486065
ART95: 0.11147233005874693
ART98: 0.16909235000393166
ART99: 0.23010201582040216
ANT0: 0.025908959483216303
ANT50: 0.050605214613187545
ANT70: 0.06357564413240926
ANT80: 0.0755141255614642
ANT90: 0.10129201087958727
ANT95: 0.1419590284774075
ANT98: 0.2199663152309267
ANT99: 0.3087159857629188
